2.516817E+14  0012  2.440209E-01  3.096519E-01  9.205375E+09  
6.141559E+13  0000  1.000000E+00  3.579144E-01  1.474436E+10  
4.068495E+14  0017  1.509541E-01  3.526902E-01  5.828943E+09  
7.131959E+13  0001  8.611321E-01  3.421843E-01  1.456890E+10  
1.296578E+14  0008  4.736744E-01  3.649000E-01  1.186978E+10  
3.504854E+14  0015  1.752301E-01  3.903059E-01  6.903756E+09  
2.230382E+14  0010  2.753591E-01  3.380967E-01  9.974311E+09  
2.085057E+14  0009  2.945511E-01  3.751354E-01  9.966554E+09  
3.475875E+14  0014  1.766910E-01  3.866648E-01  6.927390E+09  
8.159173E+13  0002  7.527183E-01  3.088895E-01  1.458329E+10  
3.267396E+14  0013  1.879650E-01  3.300467E-01  7.528597E+09  
9.720718E+13  0003  6.318009E-01  3.715152E-01  1.262685E+10  
1.097755E+14  0004  5.594652E-01  3.296770E-01  1.312065E+10  
2.268044E+14  0011  2.707865E-01  3.270675E-01  9.871368E+09  
1.120956E+14  0005  5.478859E-01  3.863152E-01  1.197837E+10  
3.741998E+14  0016  1.641251E-01  3.752964E-01  6.459903E+09  
1.158797E+14  0006  5.299944E-01  3.407210E-01  1.272568E+10  
1.158797E+14  0007  5.299944E-01  3.171407E-01  5.104139E+09  
